75049
7893
75768
78051
59815
32440
84559
22973
61846
61973
30014
20585
88779
17426
82088
63812
11579
97271
88594
38854
70654
18533
47016
26255
65269
50644
4366
54654
53340
36569
62792
64168
67621
232
82450
8662
39556
22970
31855
82928
28290
52436
49355
32053
55306
7669
32756
53399
26863
97126
2863
72002
90759
85875
18662
83823
25568
20054
54265
83588
911
74256
92013
48189
92996
11899
23896
65042
75009
42942
59053
53875
53428
95109
68320
34154
93448
4772
46828
92921
3043
64235
89092
94385
19967
63800
93161
20864
24338
3976
69720
77269
9765
39991
51726
37427
9443
67623
9060
64422
